0 0.170000 0.244375 0.021667 0.018750
0 0.187083 0.287500 0.015833 0.020000
0 0.225417 0.310625 0.024167 0.018750
0 0.473333 0.373750 0.025000 0.027500
0 0.080833 0.513125 0.035000 0.046250
0 0.401250 0.797500 0.044167 0.050000
0 0.712917 0.879375 0.047500 0.076250
0 0.626250 0.436875 0.025833 0.051250
0 0.657500 0.461250 0.016667 0.067500
0 0.855833 0.424375 0.046667 0.048750
2 0.180833 0.770000 0.036667 0.050000
2 0.281250 0.800625 0.042500 0.051250
2 0.272917 0.492500 0.035833 0.052500
2 0.683750 0.458750 0.027500 0.055000
3 0.763750 0.630625 0.045833 0.046250
3 0.490000 0.506875 0.030000 0.053750
3 0.908333 0.521875 0.040000 0.066250
